-22.14406625
-21.00531913
-20.25030584
-18.76533895
-17.59023809
-16.84375032
-16.66895656
-16.88889118
-17.16700335
-17.27267116
-17.23581219
-17.22612861
-17.37347499
-17.65248239
-17.90485598
-18.02681956
-18.13206902
-18.29948736
-18.53410386
-18.72206915
-18.84138252
-18.98798392
-19.13464834
-19.24845172
-19.35977283
-19.45694227
-19.55760620
-19.64594328
-19.73116065
-19.79095862
-19.86270595
-19.91432051
-19.94817530
-19.98386752
-20.03645082
-20.11033440
-20.16229039
-20.21063841
-20.25150311
-20.29373698
-20.32819281
-20.36620997
-20.43855228
-20.54325167
-20.62024147
-20.69374447
-20.76479045
-20.83622170
-20.91843977
-20.98972999
-21.05476974
-21.15527350
-21.27393284
-21.31859319
-21.41592829
-21.53821493
-21.67849951
-21.82617416
-21.97948051
-22.09813146
-22.18123883
-22.21392876
-22.22952150
-22.23901547
-22.25815098
-22.26740029
-22.28666514
-22.33363111
-22.37820984
-22.41664934
-22.45198184
-22.48973310
-22.55325223
-22.60251826
-22.63622310
-22.67121209
-22.68332038
-22.68940555
-22.71988439
-22.75206576
-22.79235924
-22.82271770
-22.83849956
-22.88579939
-22.95995534
-23.00066412
-23.04028283
-23.08781048
-23.15848132
-23.22655073
-23.29306961
-23.37815528
-23.46542653
-23.54522897
-23.63940666
-23.75414628
-23.89841341
-24.05221490
-24.18741197
-24.33108297
-25.65215758
