3.68070806
3.68879440
4.08648591
4.28122933
4.38855304
4.54519960
4.66125317
4.62026694
4.51187487
4.48315758
4.54193245
4.61970156
4.63834481
4.55122054
4.53829362
4.56221300
4.57846231
4.55434630
4.48407434
4.44870891
4.43095176
4.39199492
4.34690154
4.31666115
4.29866305
4.29435928
4.28769971
4.24994038
4.20684219
4.20804978
4.19451317
4.16943901
4.15644231
4.13361014
4.09469130
4.08312714
4.06920687
4.06272893
4.03519226
4.02329636
4.02225212
4.02090345
3.99835297
3.95676826
3.95035138
3.93870659
3.92600002
3.91807110
3.88711599
3.87541359
3.87490164
3.89905509
3.90001370
3.87991983
3.86543611
3.88373171
3.94097929
4.03737018
4.18202432
4.31741104
4.37541803
4.40511724
4.42949973
4.43654279
4.44918206
4.45284079
4.44399880
4.43595591
4.41995380
4.41303778
4.39769536
4.37821918
4.37046063
4.37161653
4.35633909
4.33479579
4.31325432
4.31632966
4.32103981
4.31152680
4.28139032
4.27381580
4.27695272
4.28301133
4.27180044
4.24967683
4.22707816
4.19926907
4.19534257
4.16711143
4.13627017
4.14016823
4.13393690
4.13110694
4.11434985
4.08851614
4.08522908
4.06457736
4.07316949
4.09483128
4.13478311
